              precision    recall  f1-score   support

           0       0.33      0.02      0.04      1611
           1       0.14      0.94      0.25      1650
           2       0.18      0.03      0.06      1528
           3       0.00      0.00      0.00      1673
           4       0.48      0.11      0.18      1520
           5       0.19      0.05      0.08      1584
           6       0.20      0.11      0.14      1575
           7       0.00      0.00      0.00      1608
           8       0.21      0.09      0.13      1579
           9       0.20      0.48      0.28      1670
          10       0.00      0.00      0.00      1596

    accuracy                           0.17     17594
   macro avg       0.18      0.17      0.11     17594
weighted avg       0.17      0.17      0.11     17594
