              precision    recall  f1-score   support

           0       0.31      0.93      0.46      1611
           1       0.31      0.54      0.39      1650
           2       0.97      0.42      0.59      1528
           3       0.56      0.17      0.26      1673
           4       0.93      0.43      0.59      1520
           5       0.13      0.13      0.13      1584
           6       0.86      0.86      0.86      1575
           7       0.61      0.47      0.53      1608
           8       0.43      0.73      0.54      1579
           9       0.74      0.24      0.37      1670
          10       0.55      0.11      0.18      1596

    accuracy                           0.46     17594
   macro avg       0.58      0.46      0.45     17594
weighted avg       0.58      0.46      0.44     17594
