              precision    recall  f1-score   support

           0       0.97      0.94      0.96      1649
           1       0.92      0.56      0.69      1622
           2       0.99      0.42      0.59      1548
           3       1.00      0.35      0.52      1587
           4       0.78      0.93      0.85      1600
           5       0.98      0.94      0.96      1611
           6       0.97      0.92      0.94      1597
           7       0.23      1.00      0.38      1597
           8       0.98      0.06      0.12      1598
           9       0.78      0.85      0.81      1588
          10       0.92      0.10      0.18      1603

    accuracy                           0.64     17600
   macro avg       0.86      0.64      0.64     17600
weighted avg       0.87      0.64      0.64     17600
