              precision    recall  f1-score   support

           0       1.00      0.01      0.02      1611
           1       0.25      0.90      0.39      1650
           2       0.00      0.00      0.00      1528
           3       0.41      0.66      0.50      1673
           4       0.07      0.06      0.07      1520
           5       0.59      0.02      0.03      1584
           6       0.17      0.49      0.26      1575
           7       0.40      0.33      0.36      1608
           8       0.98      0.15      0.26      1579
           9       0.18      0.11      0.14      1670
          10       0.21      0.04      0.07      1596

    accuracy                           0.26     17594
   macro avg       0.39      0.25      0.19     17594
weighted avg       0.39      0.26      0.19     17594
