              precision    recall  f1-score   support

           0       0.71      0.62      0.67      1611
           1       0.50      0.41      0.45      1650
           2       0.62      0.36      0.45      1528
           3       0.53      0.44      0.48      1673
           4       0.69      0.71      0.70      1520
           5       0.59      0.63      0.61      1584
           6       0.49      0.69      0.57      1575
           7       0.48      0.28      0.36      1608
           8       0.66      0.34      0.45      1579
           9       0.72      0.47      0.57      1670
          10       0.29      0.77      0.42      1596

    accuracy                           0.52     17594
   macro avg       0.57      0.52      0.52     17594
weighted avg       0.57      0.52      0.52     17594
