              precision    recall  f1-score   support

           0       0.90      0.85      0.87      1611
           1       0.69      0.80      0.74      1650
           2       0.80      0.73      0.76      1528
           3       0.85      0.91      0.88      1673
           4       0.88      0.87      0.87      1520
           5       0.84      0.88      0.86      1584
           6       0.93      0.94      0.94      1575
           7       0.81      0.71      0.76      1608
           8       0.75      0.68      0.71      1579
           9       0.84      0.83      0.84      1670
          10       0.66      0.71      0.69      1596

    accuracy                           0.81     17594
   macro avg       0.81      0.81      0.81     17594
weighted avg       0.81      0.81      0.81     17594
