              precision    recall  f1-score   support

           0       0.66      0.64      0.65      1611
           1       0.49      0.44      0.46      1650
           2       0.44      0.52      0.48      1528
           3       0.71      0.80      0.75      1673
           4       0.61      0.61      0.61      1520
           5       0.91      0.84      0.87      1584
           6       0.93      0.84      0.88      1575
           7       0.66      0.55      0.60      1608
           8       0.46      0.41      0.43      1579
           9       0.55      0.65      0.60      1670
          10       0.38      0.42      0.40      1596

    accuracy                           0.61     17594
   macro avg       0.62      0.61      0.61     17594
weighted avg       0.62      0.61      0.61     17594
