              precision    recall  f1-score   support

           0       0.90      0.86      0.88      1649
           1       0.68      0.80      0.74      1622
           2       0.81      0.73      0.76      1548
           3       0.85      0.92      0.88      1587
           4       0.87      0.85      0.86      1600
           5       0.85      0.87      0.86      1611
           6       0.93      0.94      0.93      1597
           7       0.84      0.71      0.77      1597
           8       0.75      0.70      0.72      1598
           9       0.81      0.83      0.82      1588
          10       0.65      0.70      0.67      1603

    accuracy                           0.81     17600
   macro avg       0.81      0.81      0.81     17600
weighted avg       0.81      0.81      0.81     17600
